0 0 0
0 -0 0

7.65 0 0
0 -0 0

2.9 -6.4 0
0 -0 0

3.65 -8.5 3.9
0 -0 0

0 3.1 0
0 -0 0

-7.65 0.05 0
-2.05 -0 0

-2.95 -6.4 0
0 -0 0

-3.65 -8.5 3.9
0 -0 0

0 -5.05 -1.45
0 -0 0

3.25 -6.65 2.2
0 -0 0

3 -10 1.15
0 -0 0

1.35 -16.5 -1.55
0 -0 0

-3.25 -6.65 2.2
0 -0 0

-3.35 -10 1.15
0 -0 0

-1.35 -16.5 -1.55
0 -0 0

0 0 0
0 -0 0

7.65 0 0
0 -0 0

2.9 -6.4 0
0 -0 0

3.65 -8.5 3.9
0 -0 0

0 3.1 0
0 -0 0

-7.65 0.05 0
-3.35 -0 0

-2.95 -6.4 0
0 -0 0

-3.65 -8.5 3.9
0 -0 0

0 -5.05 -1.45
0 -0 0

3.25 -6.65 2.2
0 -0 0

3 -10 1.15
0 -0 0

1.35 -16.5 -1.55
0 -0 0

-3.25 -6.65 2.2
0 -0 0

-3.35 -10 1.15
0 -0 0

-1.35 -16.5 -1.55
0 -0 0

0 0 0
0 -0 0

7.65 0 0
0 -0 0

2.9 -6.4 0
0 -0 0

3.65 -8.5 3.9
0 -0 0

0 3.1 0
0 -0 0

-7.65 0.05 0
-5.1 -0 0

-2.95 -6.4 0
0 -0 0

-3.65 -8.5 3.9
0 -0 0

0 -5.05 -1.45
0 -0 0

3.25 -6.65 2.2
0 -0 0

3 -10 1.15
0 -0 0

1.35 -16.5 -1.55
0 -0 0

-3.25 -6.65 2.2
0 -0 0

-3.35 -10 1.15
0 -0 0

-1.35 -16.5 -1.55
0 -0 0

0 0 0
0 -0 0

7.65 0 0
0 -0 0

2.9 -6.4 0
0 -0 0

3.65 -8.5 3.9
0 -0 0

0 3.1 0
0 -0 0

-7.65 0.05 0
-7.05 -0 0

-2.95 -6.4 0
0 -0 0

-3.65 -8.5 3.9
0 -0 0

0 -5.05 -1.45
0 -0 0

3.25 -6.65 2.2
0 -0 0

3 -10 1.15
0 -0 0

1.35 -16.5 -1.55
0 -0 0

-3.25 -6.65 2.2
0 -0 0

-3.35 -10 1.15
0 -0 0

-1.35 -16.5 -1.55
0 -0 0

0 0 0
0 -0 0

7.65 0 0
0 -0 0

2.9 -6.4 0
0 -0 0

3.65 -8.5 3.9
0 -0 0

0 3.1 0
0 -0 0

-7.65 0.05 0
-8.9 -0 0

-2.95 -6.4 0
0 -0 0

-3.65 -8.5 3.9
0 -0 0

0 -5.05 -1.45
0 -0 0

3.25 -6.65 2.2
0 -0 0

3 -10 1.15
0 -0 0

1.35 -16.5 -1.55
0 -0 0

-3.25 -6.65 2.2
0 -0 0

-3.35 -10 1.15
0 -0 0

-1.35 -16.5 -1.55
0 -0 0

0 0 0
0 -0 0

7.65 0 0
0 -0 0

2.9 -6.4 0
0 -0 0

3.65 -8.5 3.9
0 -0 0

0 3.1 0
0 -0 0

-7.65 0.05 0
-10.6 -0 0

-2.95 -6.4 0
0 -0 0

-3.65 -8.5 3.9
0 -0 0

0 -5.05 -1.45
0 -0 0

3.25 -6.65 2.2
0 -0 0

3 -10 1.15
0 -0 0

1.35 -16.5 -1.55
0 -0 0

-3.25 -6.65 2.2
0 -0 0

-3.35 -10 1.15
0 -0 0

-1.35 -16.5 -1.55
0 -0 0

0 0 0
0 -0 0

7.65 0 0
0 -0 0

2.9 -6.4 0
0 -0 0

3.65 -8.5 3.9
0 -0 0

0 3.1 0
0 -0 0

-7.65 0.05 0
-9.3 -0 0

-2.95 -6.4 0
0 -0 0

-3.65 -8.5 3.9
0 -0 0

0 -5.05 -1.45
0 -0 0

3.25 -6.65 2.2
0 -0 0

3 -10 1.15
0 -0 0

1.35 -16.5 -1.55
0 -0 0

-3.25 -6.65 2.2
0 -0 0

-3.35 -10 1.15
0 -0 0

-1.35 -16.5 -1.55
0 -0 0

0 0 0
0 -0 0

7.65 0 0
0 -0 0

2.9 -6.4 0
0 -0 0

3.65 -8.5 3.9
0 -0 0

0 3.1 0
0 -0 0

-7.65 0.05 0
-7.95 -0 0

-2.95 -6.4 0
0 -0 0

-3.65 -8.5 3.9
0 -0 0

0 -5.05 -1.45
0 -0 0

3.25 -6.65 2.2
0 -0 0

3 -10 1.15
0 -0 0

1.35 -16.5 -1.55
0 -0 0

-3.25 -6.65 2.2
0 -0 0

-3.35 -10 1.15
0 -0 0

-1.35 -16.5 -1.55
0 -0 0

0 0 0
0 -0 0

7.65 0 0
0 -0 0

2.9 -6.4 0
0 -0 0

3.65 -8.5 3.9
0 -0 0

0 3.1 0
0 -0 0

-7.65 0.05 0
-6.75 -0 0

-2.95 -6.4 0
0 -0 0

-3.65 -8.5 3.9
0 -0 0

0 -5.05 -1.45
0 -0 0

3.25 -6.65 2.2
0 -0 0

3 -10 1.15
0 -0 0

1.35 -16.5 -1.55
0 -0 0

-3.25 -6.65 2.2
0 -0 0

-3.35 -10 1.15
0 -0 0

-1.35 -16.5 -1.55
0 -0 0

0 0 0
0 -0 0

7.65 0 0
0 -0 0

2.9 -6.4 0
0 -0 0

3.65 -8.5 3.9
0 -0 0

0 3.1 0
0 -0 0

-7.65 0.05 0
-4.95 -0 0

-2.95 -6.4 0
0 -0 0

-3.65 -8.5 3.9
0 -0 0

0 -5.05 -1.45
0 -0 0

3.25 -6.65 2.2
0 -0 0

3 -10 1.15
0 -0 0

1.35 -16.5 -1.55
0 -0 0

-3.25 -6.65 2.2
0 -0 0

-3.35 -10 1.15
0 -0 0

-1.35 -16.5 -1.55
0 -0 0

0 0 0
0 -0 0

7.65 0 0
0 -0 0

2.9 -6.4 0
0 -0 0

3.65 -8.5 3.9
0 -0 0

0 3.1 0
0 -0 0

-7.65 0.05 0
-3.55 -0 0

-2.95 -6.4 0
0 -0 0

-3.65 -8.5 3.9
0 -0 0

0 -5.05 -1.45
0 -0 0

3.25 -6.65 2.2
0 -0 0

3 -10 1.15
0 -0 0

1.35 -16.5 -1.55
0 -0 0

-3.25 -6.65 2.2
0 -0 0

-3.35 -10 1.15
0 -0 0

-1.35 -16.5 -1.55
0 -0 0

0 0 0
0 -0 0

7.65 0 0
0 -0 0

2.9 -6.4 0
0 -0 0

3.65 -8.5 3.9
0 -0 0

0 3.1 0
0 -0 0

-7.65 0.05 0
-2.45 -0 0

-2.95 -6.4 0
0 -0 0

-3.65 -8.5 3.9
0 -0 0

0 -5.05 -1.45
0 -0 0

3.25 -6.65 2.2
0 -0 0

3 -10 1.15
0 -0 0

1.35 -16.5 -1.55
0 -0 0

-3.25 -6.65 2.2
0 -0 0

-3.35 -10 1.15
0 -0 0

-1.35 -16.5 -1.55
0 -0 0

0 0 0
0 -0 0

7.65 0 0
0 -0 0

2.9 -6.4 0
0 -0 0

3.65 -8.5 3.9
0 -0 0

0 3.1 0
0 -0 0

-7.65 0.05 0
-1.15 -0 0

-2.95 -6.4 0
0 -0 0

-3.65 -8.5 3.9
0 -0 0

0 -5.05 -1.45
0 -0 0

3.25 -6.65 2.2
0 -0 0

3 -10 1.15
0 -0 0

1.35 -16.5 -1.55
0 -0 0

-3.25 -6.65 2.2
0 -0 0

-3.35 -10 1.15
0 -0 0

-1.35 -16.5 -1.55
0 -0 0

0 0 0
0 -0 0

7.65 0 0
0 -0 0

2.9 -6.4 0
0 -0 0

3.65 -8.5 3.9
0 -0 0

0 3.1 0
0 -0 0

-7.65 0.05 0
0.1 -0 0

-2.95 -6.4 0
0 -0 0

-3.65 -8.5 3.9
0 -0 0

0 -5.05 -1.45
0 -0 0

3.25 -6.65 2.2
0 -0 0

3 -10 1.15
0 -0 0

1.35 -16.5 -1.55
0 -0 0

-3.25 -6.65 2.2
0 -0 0

-3.35 -10 1.15
0 -0 0

-1.35 -16.5 -1.55
0 -0 0

0 0 0
0 -0 0

7.65 0 0
0 -0 0

2.9 -6.4 0
0 -0 0

3.65 -8.5 3.9
0 -0 0

0 3.1 0
0 -0 0

-7.65 0.05 0
1.5 -0 0

-2.95 -6.4 0
0 -0 0

-3.65 -8.5 3.9
0 -0 0

0 -5.05 -1.45
0 -0 0

3.25 -6.65 2.2
0 -0 0

3 -10 1.15
0 -0 0

1.35 -16.5 -1.55
0 -0 0

-3.25 -6.65 2.2
0 -0 0

-3.35 -10 1.15
0 -0 0

-1.35 -16.5 -1.55
0 -0 0

0 0 0
0 -0 0

7.65 0 0
0 -0 0

2.9 -6.4 0
0 -0 0

3.65 -8.5 3.9
0 -0 0

0 3.1 0
0 -0 0

-7.65 0.05 0
2.15 -0 0

-2.95 -6.4 0
0 -0 0

-3.65 -8.5 3.9
0 -0 0

0 -5.05 -1.45
0 -0 0

3.25 -6.65 2.2
0 -0 0

3 -10 1.15
0 -0 0

1.35 -16.5 -1.55
0 -0 0

-3.25 -6.65 2.2
0 -0 0

-3.35 -10 1.15
0 -0 0

-1.35 -16.5 -1.55
0 -0 0

0 0 0
0 -0 0

7.65 0 0
0 -0 0

2.9 -6.4 0
0 -0 0

3.65 -8.5 3.9
0 -0 0

0 3.1 0
0 -0 0

-7.65 0.05 0
3.65 -0 0

-2.95 -6.4 0
0 -0 0

-3.65 -8.5 3.9
0 -0 0

0 -5.05 -1.45
0 -0 0

3.25 -6.65 2.2
0 -0 0

3 -10 1.15
0 -0 0

1.35 -16.5 -1.55
0 -0 0

-3.25 -6.65 2.2
0 -0 0

-3.35 -10 1.15
0 -0 0

-1.35 -16.5 -1.55
0 -0 0

0 0 0
0 -0 0

7.65 0 0
0 -0 0

2.9 -6.4 0
0 -0 0

3.65 -8.5 3.9
0 -0 0

0 3.1 0
0 -0 0

-7.65 0.05 0
5.35 -0 0

-2.95 -6.4 0
0 -0 0

-3.65 -8.5 3.9
0 -0 0

0 -5.05 -1.45
0 -0 0

3.25 -6.65 2.2
0 -0 0

3 -10 1.15
0 -0 0

1.35 -16.5 -1.55
0 -0 0

-3.25 -6.65 2.2
0 -0 0

-3.35 -10 1.15
0 -0 0

-1.35 -16.5 -1.55
0 -0 0

